
vote = c("yes","no")
one_poll_boot_0.8 <- structure(list(replicate = 1:1000, stat = c(0.8, 0.833333333333333, 
0.9, 0.833333333333333, 0.766666666666667, 0.933333333333333, 
0.766666666666667, 0.966666666666667, 0.933333333333333, 0.766666666666667, 
0.866666666666667, 0.8, 0.8, 0.766666666666667, 0.9, 0.8, 0.866666666666667, 
0.933333333333333, 0.8, 0.933333333333333, 0.833333333333333, 
0.8, 0.8, 0.8, 0.866666666666667, 0.933333333333333, 0.9, 0.8, 
0.966666666666667, 0.733333333333333, 0.833333333333333, 0.733333333333333, 
0.866666666666667, 0.8, 0.9, 0.9, 0.933333333333333, 0.8, 0.966666666666667, 
0.966666666666667, 0.9, 0.933333333333333, 0.833333333333333, 
0.933333333333333, 0.9, 0.733333333333333, 0.866666666666667, 
0.933333333333333, 0.866666666666667, 0.9, 0.766666666666667, 
0.933333333333333, 0.9, 0.766666666666667, 0.966666666666667, 
0.866666666666667, 0.866666666666667, 0.8, 0.866666666666667, 
0.866666666666667, 0.766666666666667, 0.666666666666667, 0.833333333333333, 
0.666666666666667, 0.8, 0.833333333333333, 0.766666666666667, 
0.8, 0.866666666666667, 0.933333333333333, 0.833333333333333, 
0.866666666666667, 0.866666666666667, 0.8, 0.666666666666667, 
0.933333333333333, 0.866666666666667, 0.833333333333333, 0.833333333333333, 
0.833333333333333, 0.9, 0.866666666666667, 0.833333333333333, 
0.9, 0.833333333333333, 0.8, 0.966666666666667, 0.866666666666667, 
0.766666666666667, 0.833333333333333, 0.833333333333333, 0.9, 
0.833333333333333, 0.766666666666667, 0.9, 0.966666666666667, 
0.833333333333333, 0.9, 0.766666666666667, 0.766666666666667, 
0.766666666666667, 0.833333333333333, 0.7, 0.9, 0.733333333333333, 
0.933333333333333, 0.833333333333333, 0.933333333333333, 0.833333333333333, 
0.8, 0.766666666666667, 0.8, 0.933333333333333, 0.833333333333333, 
0.9, 0.9, 0.8, 0.966666666666667, 0.7, 0.833333333333333, 0.866666666666667, 
0.766666666666667, 0.7, 0.9, 0.8, 0.933333333333333, 0.966666666666667, 
0.966666666666667, 0.833333333333333, 0.9, 0.933333333333333, 
0.833333333333333, 0.9, 0.8, 0.866666666666667, 0.866666666666667, 
0.766666666666667, 0.833333333333333, 0.7, 0.933333333333333, 
0.8, 0.766666666666667, 0.9, 0.766666666666667, 0.733333333333333, 
0.866666666666667, 0.8, 0.833333333333333, 0.733333333333333, 
0.933333333333333, 0.866666666666667, 0.866666666666667, 0.8, 
0.933333333333333, 0.833333333333333, 0.866666666666667, 0.833333333333333, 
0.866666666666667, 0.833333333333333, 0.933333333333333, 0.833333333333333, 
0.833333333333333, 0.866666666666667, 0.833333333333333, 0.833333333333333, 
0.933333333333333, 0.8, 0.833333333333333, 0.833333333333333, 
0.9, 0.766666666666667, 0.833333333333333, 0.866666666666667, 
0.833333333333333, 0.8, 0.766666666666667, 0.666666666666667, 
0.8, 0.9, 0.7, 0.966666666666667, 0.933333333333333, 0.8, 0.7, 
0.8, 0.866666666666667, 0.766666666666667, 0.666666666666667, 
0.833333333333333, 0.966666666666667, 0.833333333333333, 0.766666666666667, 
0.833333333333333, 0.833333333333333, 0.766666666666667, 0.866666666666667, 
0.866666666666667, 0.833333333333333, 0.866666666666667, 0.733333333333333, 
0.7, 0.933333333333333, 0.733333333333333, 0.733333333333333, 
0.833333333333333, 0.6, 0.9, 0.833333333333333, 0.966666666666667, 
0.8, 0.833333333333333, 0.933333333333333, 0.8, 0.866666666666667, 
0.8, 0.766666666666667, 0.766666666666667, 0.9, 0.866666666666667, 
0.8, 0.866666666666667, 0.9, 0.833333333333333, 0.933333333333333, 
0.866666666666667, 0.833333333333333, 0.566666666666667, 0.833333333333333, 
0.8, 0.766666666666667, 0.8, 0.866666666666667, 0.833333333333333, 
0.9, 0.833333333333333, 1, 0.866666666666667, 0.9, 0.8, 0.933333333333333, 
0.9, 0.9, 0.8, 0.866666666666667, 0.833333333333333, 0.7, 0.733333333333333, 
0.833333333333333, 0.833333333333333, 0.933333333333333, 0.9, 
0.933333333333333, 0.8, 0.8, 0.7, 0.9, 0.866666666666667, 0.8, 
0.8, 0.766666666666667, 0.966666666666667, 0.833333333333333, 
0.766666666666667, 0.933333333333333, 0.733333333333333, 0.966666666666667, 
0.8, 0.833333333333333, 0.833333333333333, 0.933333333333333, 
0.7, 0.833333333333333, 0.8, 0.833333333333333, 0.766666666666667, 
0.9, 0.866666666666667, 0.833333333333333, 0.866666666666667, 
0.866666666666667, 0.866666666666667, 0.766666666666667, 0.733333333333333, 
0.833333333333333, 0.9, 0.833333333333333, 0.9, 0.766666666666667, 
0.966666666666667, 0.833333333333333, 0.866666666666667, 0.933333333333333, 
0.866666666666667, 0.933333333333333, 0.866666666666667, 0.866666666666667, 
0.833333333333333, 0.966666666666667, 0.8, 0.8, 0.766666666666667, 
0.833333333333333, 0.866666666666667, 0.866666666666667, 0.9, 
0.733333333333333, 0.866666666666667, 0.8, 0.766666666666667, 
0.866666666666667, 0.833333333333333, 0.833333333333333, 0.766666666666667, 
0.933333333333333, 0.933333333333333, 0.8, 0.9, 0.9, 0.9, 0.766666666666667, 
0.933333333333333, 0.833333333333333, 0.8, 0.833333333333333, 
0.733333333333333, 0.9, 0.9, 0.833333333333333, 0.833333333333333, 
0.566666666666667, 0.833333333333333, 0.866666666666667, 0.833333333333333, 
0.8, 0.866666666666667, 0.8, 0.833333333333333, 0.766666666666667, 
0.866666666666667, 0.766666666666667, 0.866666666666667, 0.966666666666667, 
0.833333333333333, 0.9, 0.866666666666667, 0.933333333333333, 
0.733333333333333, 0.8, 0.833333333333333, 0.9, 0.8, 0.8, 0.866666666666667, 
0.9, 0.766666666666667, 0.933333333333333, 0.633333333333333, 
0.866666666666667, 0.733333333333333, 0.766666666666667, 0.766666666666667, 
0.7, 0.933333333333333, 0.9, 0.933333333333333, 0.833333333333333, 
0.833333333333333, 0.866666666666667, 0.866666666666667, 0.833333333333333, 
0.8, 0.9, 0.8, 0.766666666666667, 0.9, 0.833333333333333, 0.933333333333333, 
0.8, 0.8, 0.933333333333333, 0.833333333333333, 0.866666666666667, 
0.8, 0.833333333333333, 0.866666666666667, 0.866666666666667, 
0.8, 0.766666666666667, 0.8, 0.866666666666667, 0.866666666666667, 
0.9, 0.866666666666667, 0.833333333333333, 0.866666666666667, 
0.9, 0.866666666666667, 0.833333333333333, 0.8, 0.7, 0.8, 0.833333333333333, 
0.733333333333333, 0.9, 0.8, 0.833333333333333, 0.866666666666667, 
0.766666666666667, 0.766666666666667, 0.8, 0.9, 0.866666666666667, 
0.8, 0.866666666666667, 0.8, 0.666666666666667, 0.733333333333333, 
0.766666666666667, 0.766666666666667, 0.766666666666667, 0.766666666666667, 
0.933333333333333, 0.866666666666667, 0.833333333333333, 0.8, 
0.9, 0.733333333333333, 0.8, 0.733333333333333, 0.733333333333333, 
0.833333333333333, 0.866666666666667, 0.9, 0.766666666666667, 
0.666666666666667, 0.966666666666667, 0.833333333333333, 0.833333333333333, 
0.733333333333333, 0.866666666666667, 0.733333333333333, 0.933333333333333, 
0.9, 0.866666666666667, 0.9, 0.866666666666667, 0.9, 0.9, 0.733333333333333, 
0.766666666666667, 0.766666666666667, 0.766666666666667, 0.933333333333333, 
0.866666666666667, 0.7, 0.866666666666667, 0.933333333333333, 
0.833333333333333, 0.766666666666667, 0.866666666666667, 0.933333333333333, 
0.833333333333333, 0.8, 0.9, 0.833333333333333, 0.866666666666667, 
0.833333333333333, 0.8, 0.9, 0.766666666666667, 0.866666666666667, 
0.833333333333333, 0.833333333333333, 0.833333333333333, 0.833333333333333, 
0.766666666666667, 0.933333333333333, 0.8, 0.866666666666667, 
0.933333333333333, 0.766666666666667, 0.866666666666667, 1, 0.7, 
0.9, 0.9, 0.8, 0.766666666666667, 0.766666666666667, 0.866666666666667, 
0.8, 0.8, 0.8, 0.933333333333333, 0.966666666666667, 0.866666666666667, 
0.866666666666667, 0.733333333333333, 0.8, 0.933333333333333, 
0.866666666666667, 0.866666666666667, 0.866666666666667, 0.9, 
0.866666666666667, 0.8, 0.766666666666667, 0.866666666666667, 
0.8, 0.9, 0.833333333333333, 0.766666666666667, 0.8, 0.933333333333333, 
0.766666666666667, 0.833333333333333, 0.666666666666667, 0.8, 
0.566666666666667, 0.8, 0.866666666666667, 0.833333333333333, 
0.9, 0.866666666666667, 0.9, 0.833333333333333, 0.8, 0.833333333333333, 
0.833333333333333, 0.833333333333333, 0.9, 0.766666666666667, 
