one_poll_boot_300 <- structure(list(replicate = 1:1000, stat = c(0.706666666666667, 
0.666666666666667, 0.716666666666667, 0.72, 0.7, 0.69, 0.703333333333333, 
0.703333333333333, 0.7, 0.693333333333333, 0.67, 0.706666666666667, 
0.73, 0.683333333333333, 0.713333333333333, 0.67, 0.72, 0.7, 
0.673333333333333, 0.703333333333333, 0.713333333333333, 0.66, 
0.743333333333333, 0.706666666666667, 0.67, 0.703333333333333, 
0.75, 0.713333333333333, 0.656666666666667, 0.723333333333333, 
0.7, 0.7, 0.713333333333333, 0.73, 0.69, 0.733333333333333, 0.696666666666667, 
0.7, 0.676666666666667, 0.703333333333333, 0.686666666666667, 
0.726666666666667, 0.706666666666667, 0.71, 0.716666666666667, 
0.663333333333333, 0.66, 0.693333333333333, 0.663333333333333, 
0.73, 0.726666666666667, 0.646666666666667, 0.683333333333333, 
0.636666666666667, 0.683333333333333, 0.763333333333333, 0.633333333333333, 
0.75, 0.706666666666667, 0.693333333333333, 0.686666666666667, 
0.706666666666667, 0.723333333333333, 0.66, 0.703333333333333, 
0.653333333333333, 0.7, 0.66, 0.68, 0.703333333333333, 0.723333333333333, 
0.67, 0.726666666666667, 0.673333333333333, 0.7, 0.706666666666667, 
0.713333333333333, 0.77, 0.68, 0.706666666666667, 0.706666666666667, 
0.716666666666667, 0.696666666666667, 0.696666666666667, 0.7, 
0.71, 0.68, 0.7, 0.656666666666667, 0.67, 0.693333333333333, 
0.733333333333333, 0.7, 0.676666666666667, 0.686666666666667, 
0.71, 0.74, 0.75, 0.743333333333333, 0.73, 0.653333333333333, 
0.703333333333333, 0.666666666666667, 0.666666666666667, 0.756666666666667, 
0.723333333333333, 0.71, 0.753333333333333, 0.693333333333333, 
0.7, 0.716666666666667, 0.693333333333333, 0.656666666666667, 
0.716666666666667, 0.706666666666667, 0.743333333333333, 0.683333333333333, 
0.73, 0.676666666666667, 0.7, 0.676666666666667, 0.68, 0.736666666666667, 
0.656666666666667, 0.66, 0.676666666666667, 0.68, 0.713333333333333, 
0.723333333333333, 0.693333333333333, 0.65, 0.69, 0.706666666666667, 
0.71, 0.706666666666667, 0.68, 0.656666666666667, 0.676666666666667, 
0.683333333333333, 0.653333333333333, 0.69, 0.683333333333333, 
0.696666666666667, 0.69, 0.76, 0.683333333333333, 0.71, 0.713333333333333, 
0.696666666666667, 0.68, 0.703333333333333, 0.746666666666667, 
0.696666666666667, 0.72, 0.656666666666667, 0.686666666666667, 
0.673333333333333, 0.65, 0.673333333333333, 0.693333333333333, 
0.72, 0.683333333333333, 0.666666666666667, 0.696666666666667, 
0.746666666666667, 0.693333333333333, 0.706666666666667, 0.7, 
0.743333333333333, 0.686666666666667, 0.683333333333333, 0.663333333333333, 
0.663333333333333, 0.72, 0.703333333333333, 0.686666666666667, 
0.72, 0.726666666666667, 0.736666666666667, 0.726666666666667, 
0.65, 0.693333333333333, 0.666666666666667, 0.686666666666667, 
0.666666666666667, 0.71, 0.676666666666667, 0.67, 0.7, 0.693333333333333, 
0.67, 0.763333333333333, 0.706666666666667, 0.726666666666667, 
0.656666666666667, 0.723333333333333, 0.713333333333333, 0.71, 
0.67, 0.676666666666667, 0.69, 0.713333333333333, 0.683333333333333, 
0.706666666666667, 0.7, 0.71, 0.703333333333333, 0.673333333333333, 
0.72, 0.7, 0.753333333333333, 0.67, 0.696666666666667, 0.706666666666667, 
0.723333333333333, 0.68, 0.68, 0.68, 0.696666666666667, 0.693333333333333, 
0.7, 0.696666666666667, 0.7, 0.72, 0.65, 0.65, 0.653333333333333, 
0.643333333333333, 0.696666666666667, 0.72, 0.72, 0.72, 0.723333333333333, 
0.72, 0.67, 0.71, 0.686666666666667, 0.71, 0.713333333333333, 
0.723333333333333, 0.726666666666667, 0.71, 0.676666666666667, 
0.673333333333333, 0.693333333333333, 0.7, 0.713333333333333, 
0.72, 0.706666666666667, 0.713333333333333, 0.726666666666667, 
0.66, 0.666666666666667, 0.743333333333333, 0.676666666666667, 
0.736666666666667, 0.7, 0.716666666666667, 0.713333333333333, 
0.703333333333333, 0.71, 0.67, 0.716666666666667, 0.686666666666667, 
0.703333333333333, 0.733333333333333, 0.743333333333333, 0.763333333333333, 
0.716666666666667, 0.706666666666667, 0.693333333333333, 0.72, 
0.68, 0.703333333333333, 0.693333333333333, 0.67, 0.686666666666667, 
0.686666666666667, 0.693333333333333, 0.666666666666667, 0.746666666666667, 
0.69, 0.64, 0.716666666666667, 0.693333333333333, 0.693333333333333, 
0.74, 0.67, 0.703333333333333, 0.63, 0.723333333333333, 0.706666666666667, 
0.696666666666667, 0.69, 0.703333333333333, 0.706666666666667, 
0.67, 0.673333333333333, 0.663333333333333, 0.686666666666667, 
0.69, 0.71, 0.716666666666667, 0.67, 0.716666666666667, 0.736666666666667, 
0.7, 0.663333333333333, 0.703333333333333, 0.67, 0.69, 0.683333333333333, 
0.736666666666667, 0.713333333333333, 0.693333333333333, 0.7, 
0.7, 0.656666666666667, 0.686666666666667, 0.693333333333333, 
0.703333333333333, 0.706666666666667, 0.716666666666667, 0.673333333333333, 
0.7, 0.693333333333333, 0.683333333333333, 0.703333333333333, 
0.736666666666667, 0.656666666666667, 0.673333333333333, 0.696666666666667, 
0.69, 0.686666666666667, 0.666666666666667, 0.673333333333333, 
0.723333333333333, 0.676666666666667, 0.686666666666667, 0.713333333333333, 
0.7, 0.71, 0.73, 0.676666666666667, 0.703333333333333, 0.67, 
0.663333333333333, 0.74, 0.653333333333333, 0.756666666666667, 
0.696666666666667, 0.736666666666667, 0.683333333333333, 0.673333333333333, 
0.76, 0.69, 0.7, 0.69, 0.726666666666667, 0.716666666666667, 
0.68, 0.726666666666667, 0.673333333333333, 0.656666666666667, 
0.71, 0.68, 0.743333333333333, 0.673333333333333, 0.71, 0.696666666666667, 
0.726666666666667, 0.683333333333333, 0.74, 0.703333333333333, 
0.716666666666667, 0.663333333333333, 0.733333333333333, 0.683333333333333, 
0.73, 0.66, 0.703333333333333, 0.696666666666667, 0.726666666666667, 
0.68, 0.676666666666667, 0.72, 0.69, 0.65, 0.716666666666667, 
0.693333333333333, 0.67, 0.663333333333333, 0.723333333333333, 
0.726666666666667, 0.716666666666667, 0.696666666666667, 0.723333333333333, 
0.68, 0.743333333333333, 0.693333333333333, 0.746666666666667, 
0.7, 0.656666666666667, 0.71, 0.683333333333333, 0.713333333333333, 
0.7, 0.756666666666667, 0.706666666666667, 0.7, 0.703333333333333, 
0.706666666666667, 0.686666666666667, 0.713333333333333, 0.67, 
0.733333333333333, 0.713333333333333, 0.736666666666667, 0.696666666666667, 
0.676666666666667, 0.7, 0.703333333333333, 0.673333333333333, 
0.72, 0.736666666666667, 0.74, 0.72, 0.696666666666667, 0.766666666666667, 
0.61, 0.72, 0.653333333333333, 0.756666666666667, 0.72, 0.676666666666667, 
0.7, 0.723333333333333, 0.723333333333333, 0.676666666666667, 
0.71, 0.686666666666667, 0.696666666666667, 0.683333333333333, 
0.71, 0.676666666666667, 0.68, 0.76, 0.716666666666667, 0.68, 
0.666666666666667, 0.693333333333333, 0.71, 0.74, 0.733333333333333, 
0.683333333333333, 0.7, 0.696666666666667, 0.68, 0.693333333333333, 
0.7, 0.67, 0.673333333333333, 0.746666666666667, 0.706666666666667, 
0.726666666666667, 0.696666666666667, 0.72, 0.67, 0.71, 0.696666666666667, 
0.67, 0.723333333333333, 0.69, 0.693333333333333, 0.693333333333333, 
0.69, 0.696666666666667, 0.673333333333333, 0.683333333333333, 
0.676666666666667, 0.703333333333333, 0.66, 0.663333333333333, 
0.683333333333333, 0.743333333333333, 0.71, 0.7, 0.666666666666667, 
0.71, 0.716666666666667, 0.723333333333333, 0.763333333333333, 
0.703333333333333, 0.693333333333333, 0.716666666666667, 0.673333333333333, 
0.686666666666667, 0.683333333333333, 0.68, 0.713333333333333, 
0.67, 0.693333333333333, 0.696666666666667, 0.68, 0.69, 0.666666666666667, 
0.723333333333333, 0.72, 0.726666666666667, 0.74, 0.69, 0.706666666666667, 
0.673333333333333, 0.716666666666667, 0.67, 0.693333333333333, 
0.736666666666667, 0.726666666666667, 0.67, 0.73, 0.766666666666667, 
0.72, 0.693333333333333, 0.686666666666667, 0.74, 0.716666666666667, 
0.636666666666667, 0.723333333333333, 0.706666666666667, 0.656666666666667, 
0.693333333333333, 0.68, 0.756666666666667, 0.7, 0.666666666666667, 
0.71, 0.71, 0.7, 0.733333333333333, 0.693333333333333, 0.71, 
