textbooks <- structure(list(deptAbbr = structure(c(1L, 2L, 2L, 2L, 3L, 3L, 
4L, 4L, 5L, 6L, 7L, 8L, 9L, 10L, 11L, 12L, 12L, 13L, 14L, 14L, 
15L, 15L, 15L, 15L, 16L, 17L, 18L, 19L, 20L, 21L, 22L, 22L, 22L, 
23L, 23L, 24L, 24L, 25L, 26L, 27L, 28L, 28L, 28L, 28L, 28L, 28L, 
29L, 30L, 31L, 31L, 31L, 31L, 31L, 32L, 32L, 32L, 33L, 34L, 35L, 
36L, 37L, 37L, 38L, 38L, 38L, 38L, 39L, 40L, 40L, 40L, 40L, 41L, 
41L), .Label = c("Am Ind", "Anthro", "Art His", "Asia Am", "Ch Engr", 
"Chicano", "Chin", "Com Sci", "Comm Lit", "Comm St", "Comptng", 
"E&S Sci", "Econ", "El Engr", "Engl", "Engr", "ESL", "Frnch", 
"Geog", "German", "Greek", "Hist", "Hlt Ser", "Hnrs", "Lifesci", 
"Mat Sci", "Math", "Mgmt", "Mus His", "Physics", "Pol Sci", "Psych", 
"Russian", "Soc Gen", "Soc Wlf", "Sociol", "Span", "Stat", "Urbn Pl", 
"Wld Art", "Wom Std"), class = "factor"), course = structure(c(1L, 
48L, 15L, 27L, 57L, 8L, 24L, 25L, 52L, 63L, 19L, 21L, 40L, 2L, 
33L, 47L, 3L, 3L, 29L, 20L, 58L, 16L, 21L, 64L, 23L, 42L, 9L, 
36L, 45L, 13L, 50L, 31L, 32L, 66L, 43L, 41L, 60L, 29L, 5L, 17L, 
28L, 11L, 12L, 34L, 35L, 38L, 26L, 46L, 2L, 10L, 61L, 18L, 30L, 
2L, 14L, 37L, 49L, 4L, 59L, 22L, 6L, 7L, 51L, 54L, 30L, 55L, 
65L, 53L, 54L, 56L, 44L, 62L, 39L), .Label = c(" C170", "10", 
"101", "102W", "104", "105", "115", "118E", "120", "120B", "124", 
"127B", "130", "134A", "135T", "151", "151A", "171C", "174", 
"176", "180", "180A", "183EW", "187B", "191E", "191G", "191HB", 
"1A", "2", "200C", "201B", "201L", "20A", "228", "231D", "232", 
"263", "263A", "285", "290", "37", "38A", "437", "495", "57", 
"6A", "7", "9", "90B", "97F", "98T", "C125", "C139", "C180", 
"C216", "C409A", "M102K", "M104C", "M104D", "M106", "M132B", 
"M144", "M145B", "M260A", "M275", "M422"), class = "factor"), 
    ibsn = structure(c(51L, 1L, 20L, 19L, 58L, 30L, 56L, 54L, 
    11L, 59L, 50L, 21L, 27L, 13L, 33L, 40L, 28L, 22L, 8L, 35L, 
    43L, 16L, 24L, 52L, 9L, 68L, 73L, 61L, 17L, 72L, 66L, 15L, 
    47L, 48L, 49L, 10L, 60L, 46L, 32L, 41L, 5L, 6L, 23L, 3L, 
    7L, 4L, 12L, 42L, 25L, 70L, 18L, 29L, 36L, 64L, 2L, 37L, 
    45L, 39L, 63L, 53L, 44L, 34L, 26L, 69L, 31L, 65L, 71L, 38L, 
    62L, 14L, 55L, 67L, 57L), .Label = c("978-0030119194", "978-0073378541", 
    "978-0073379661", "978-0073404769", "978-0077251031", "978-0078136634", 
    "978-0131407374", "978-0131497269", "978-0132306416", "978-0140447187", 
    "978-0195123401", "978-0195162578", "978-0195181234", "978-0195390827", 
    "978-0198149248", "978-0199561339", "978-0205668946", "978-0205753383", 
    "978-0226206813", "978-0300080643", "978-0321295354", "978-0324421620", 
    "978-0324828641", "978-0374515362", "978-0393090406", "978-0393310726", 
    "978-0393329254", "978-0393927634", "978-0393976267", "978-0394723693", 
    "978-0412043710", "978-0470419977", "978-0470509487", "978-0471013914", 
    "978-0471287704", "978-0471663799", "978-0495099697", "978-0520224759", 
    "978-0520265882", "978-0521711128", "978-0534407612", "978-0534491437", 
    "978-0582276024", "978-0618527748", "978-0674304437", "978-0716776710", 
    "978-0742567498", "978-0761918479", "978-0763745554", "978-0791420621", 
    "978-0803272620", "978-0804747295", "978-0812968378", "978-0816646135", 
    "978-0820474151", "978-0822338437", "978-0822341147", "978-0892365999", 
    "978-0896086265", "978-1400033416", "978-1405102667", "978-1412923484", 
    "978-1412969666", "978-1429227049", "978-1441931566", "978-1560000259", 
    "978-1570755637", "978-1577665304", "978-1584883883", "978-1588264169", 
    "978-1592134328", "978-1598561692", "978-2020525718"), class = "factor"), 
    uclaNew = c(27.67, 40.59, 31.68, 16, 18.95, 14.95, 24.7, 
    19.5, 123.84, 17, 31.63, 116, 27.67, 24.7, 126.67, 53.9, 
    89.73, 171, 152, 124.8, 16, 25.95, 18, 21.73, 40.59, 28.95, 
    19.95, 49.45, 41.09, 50.95, 44.5, 82.45, 34.6, 88.42, 84, 
    11.25, 15, 180.03, 174, 188.58, 146.75, 183.75, 214.5, 197, 
    194, 176.25, 24.7, 188, 29.7, 26.24, 55.13, 43.56, 129.6, 
    123.84, 85.12, 152.48, 29.7, 24.7, 89.71, 10.5, 92.88, 100.88, 
    11.95, 72.47, 92.1, 78.35, 42, 18.75, 48.46, 39.55, 29.65, 
    23.76, 27.7), amazNew = c(27.95, 31.14, 32, 11.52, 14.21, 
    10.17, 20.06, 16.66, 106.25, 13.26, 29.95, 88.09, 18.45, 
    16.47, 97.38, 47.51, 74.93, 132.77, 121.5, 108, 11.67, 18.94, 
    12.24, 21.95, 31.14, 28.95, 16.15, 37.75, 31.78, 32.97, 30.87, 
    85, 34.95, 97.95, 81.18, 9.5, 10.2, 134.69, 143.75, 176, 
    150.63, 145.4, 173.56, 131, 157.68, 137.17, 24.95, 159.28, 
    23.07, 21.04, 42.68, 39.37, 85.2, 93.13, 67.4, 132.79, 24.31, 
    24.95, 85.45, 10.08, 65.73, 84.26, 8.6, 58.42, 80.37, 64.09, 
    37.04, 20.21, 39.34, 26.37, 24.19, 18.72, 18.22), more = structure(c(2L, 
    2L, 2L, 2L, 2L, 2L, 2L, 1L, 1L, 2L, 2L, 1L, 2L, 2L, 1L, 1L, 
    1L, 1L, 1L, 1L, 2L, 2L, 2L, 2L, 1L, 2L, 2L, 2L, 1L, 2L, 2L, 
    2L, 2L, 2L, 1L, 2L, 2L, 2L, 1L, 1L, 2L, 1L, 1L, 2L, 2L, 2L, 
    2L, 2L, 2L, 2L, 2L, 2L, 2L, 1L, 2L, 1L, 2L, 1L, 1L, 1L, 1L, 
    1L, 2L, 1L, 1L, 1L, 2L, 2L, 1L, 1L, 2L, 2L, 2L), .Label = c("N", 
    "Y"), class = "factor"), diff = c(-0.279999999999998, 9.45, 
    -0.32, 4.48, 4.74, 4.78, 4.64, 2.84, 17.59, 3.74, 1.68, 27.91, 
    9.22, 8.23, 29.29, 6.39, 14.8, 38.23, 30.5, 16.8, 4.33, 7.01, 
    5.76, -0.219999999999999, 9.45, 0, 3.8, 11.7, 9.31, 17.98, 
    13.63, -2.55, -0.350000000000001, -9.53, 2.81999999999999, 
    1.75, 4.8, 45.34, 30.25, 12.58, -3.88, 38.35, 40.94, 66, 
    36.32, 39.08, -0.25, 28.72, 6.63, 5.2, 12.45, 4.19, 44.4, 
    30.71, 17.72, 19.69, 5.39, -0.25, 4.25999999999999, 0.42, 
    27.15, 16.62, 3.35, 14.05, 11.73, 14.26, 4.96, -1.46, 9.12, 
    13.18, 5.46, 5.04, 9.48)), .Names = c("deptAbbr", "course", 
"ibsn", "uclaNew", "amazNew", "more", "diff"), class = "data.frame", row.names = c(NA, 
-73L)) 


saveRDS(textbooks, "./textbooks.rds")
